                     20 EPOCHS                   50 EPOCHS                   100 EPOCHS

                Train   Valid   Test        Train   Valid   Test        Train   Valid   Test
0: Caption

  Macro Prec    0.6929  0.5117  0.7241      0.7821  0.7611  0.7111      0.7565  0.6707  0.6035
  Macro Rec     0.1123  0.0077  0.0191      0.2388  0.0314  0.0410      0.5030  0.0651  0.0601
  Macro F1      0.1933  0.0152  0.0373      0.3659  0.0603  0.0775      0.6042  0.1186  0.1093

  Micro Prec    0.6792  0.5184  0.6261      0.7675  0.7732  0.6615      0.7428  0.7033  0.5884
  Micro Rec     0.1593  0.0166  0.0299      0.3398  0.0669  0.0811      0.4838  0.1063  0.0923
  Micro F1      0.1625  0.0186  0.0323      0.3266  0.0750  0.0798      0.4355  0.1133  0.0901

3: List-item

  Macro Prec    0.7631  0.7432  0.5437      0.8335  0.7874  0.6096      0.8481  0.7509  0.6048
  Macro Rec     0.3401  0.2299  0.1768      0.5950  0.4592  0.3928      0.6991  0.5754  0.5192
  Macro F1      0.4705  0.3512  0.2668      0.6943  0.5801  0.4777      0.7664  0.6515  0.5587

  Micro Prec    0.7398  0.7112  0.5510      0.7607  0.7169  0.6067      0.7958  0.6613  0.6161
  Micro Rec     0.2121  0.1696  0.1156      0.4179  0.3917  0.2880      0.5415  0.5118  0.4100
  Micro F1      0.2219  0.1942  0.1241      0.4059  0.3924  0.2741      0.5189  0.4575  0.3596

4: Page-footer

  Macro Prec    0.3920  0.1935  0.3152      0.7877  0.6158  0.8060      0.8657  0.8333  0.8641
  Macro Rec     0.0281  0.0108  0.0116      0.2658  0.0746  0.2048      0.4918  0.3073  0.4391
  Macro F1      0.0525  0.0205  0.0223      0.3974  0.1331  0.3265      0.6272  0.4490  0.5823

  Micro Prec    0.6158  0.3230  0.4868      0.7905  0.6448  0.7179      0.8502  0.7731  0.8305
  Micro Rec     0.0588  0.0140  0.0247      0.3124  0.1450  0.1961      0.4847  0.2862  0.3942
  Micro F1      0.0581  0.0138  0.0275      0.2959  0.1262  0.1938      0.4685  0.2642  0.3860

5: Page-header

  Macro Prec    0.6748  0.5739  0.4586      0.6709  0.6883  0.4436      0.7307  0.7784  0.6840
  Macro Rec     0.0612  0.0306  0.0338      0.2148  0.1492  0.0713      0.3006  0.1146  0.1251
  Macro F1      0.1123  0.0582  0.0629      0.3254  0.2452  0.1228      0.4260  0.1998  0.2116

  Micro Prec    0.7550  0.6057  0.4340      0.7240  0.7225  0.5172      0.8125  0.7651  0.7293
  Micro Rec     0.0864  0.0403  0.0399      0.2774  0.1971  0.0882      0.3720  0.1849  0.1680
  Micro F1      0.0882  0.0475  0.0394      0.2615  0.2021  0.0846      0.3563  0.1983  0.1629

6: Picture

  Macro Prec    0.8621  0.8898  0.8274      0.8949  0.9122  0.8443      0.8569  0.7875  0.7426
  Macro Rec     0.2428  0.2633  0.1518      0.3129  0.4137  0.2556      0.6209  0.6236  0.5074
  Macro F1      0.3789  0.4064  0.2566      0.4637  0.5692  0.3924      0.7200  0.6960  0.6029

  Micro Prec    0.8278  0.7346  0.7703      0.8876  0.7889  0.7838      0.8837  0.7393  0.7329
  Micro Rec     0.4300  0.3669  0.2751      0.5162  0.5003  0.3509      0.6798  0.6722  0.5005
  Micro F1      0.4321  0.3521  0.2797      0.5214  0.4678  0.3435      0.6597  0.5783  0.4551

7: Section-header

  Macro Prec    0.7820  0.7343  0.6508      0.8040  0.7118  0.6269      0.8084  0.6781  0.6265
  Macro Rec     0.2705  0.2685  0.2294      0.4619  0.4638  0.4038      0.5704  0.5769  0.5123
  Macro F1      0.4020  0.3932  0.3392      0.5867  0.5617  0.4912      0.6689  0.6234  0.5636

  Micro Prec    0.7875  0.6853  0.5925      0.8088  0.6642  0.6033      0.8129  0.6471  0.6095
  Micro Rec     0.3911  0.3674  0.3395      0.5668  0.5567  0.5119      0.6662  0.6624  0.6121
  Micro F1      0.4118  0.3637  0.3077      0.5637  0.4911  0.4268      0.6415  0.5509  0.4892

8: Table

  Macro Prec    0.9275  0.8551  0.8223      0.9391  0.8354  0.7814      0.9532  0.8256  0.8033
  Macro Rec     0.7558  0.5983  0.5285      0.8773  0.7912  0.7026      0.9193  0.8372  0.7737
  Macro F1      0.8329  0.7040  0.6435      0.9071  0.8127  0.7399      0.9359  0.8313  0.7882

  Micro Prec    0.9357  0.8459  0.7950      0.9445  0.7936  0.7522      0.9555  0.7874  0.7587
  Micro Rec     0.7637  0.5673  0.5320      0.8739  0.7094  0.6807      0.9105  0.7616  0.7378
  Micro F1      0.7740  0.5497  0.4963      0.8717  0.6332  0.5856      0.9085  0.6626  0.6266

9: Text

  Macro Prec    0.9495  0.9187  0.9021      0.9544  0.9095  0.9060      0.9589  0.9197  0.9060
  Macro Rec     0.8388  0.6374  0.6560      0.9039  0.7576  0.7573      0.9231  0.7433  0.7557
  Macro F1      0.8907  0.7526  0.7596      0.9285  0.8267  0.8250      0.9407  0.8222  0.8240

  Micro Prec    0.9108  0.8703  0.8144      0.9162  0.8608  0.8265      0.9283  0.8762  0.8530
  Micro Rec     0.6999  0.5489  0.5448      0.7943  0.6834  0.6549      0.8205  0.6749  0.6590
  Micro F1      0.7192  0.5959  0.5610      0.7950  0.7014  0.6522      0.8214  0.7009  0.6647
